0,317
0,316
27,3
27,2
27,1
27,0
26,3
26,2
26,1
26,0
0,283
25,3
25,2
25,1
25,0
24,3
24,2
0,9
24,1
24,0
3,2
10,97
10,18
10,126
10,115
10,83
10,23
10,2
10,3
11,10
11,20
11,12
11,11
11,15
11,2
11,3
9,5
9,2
9,3
8,11
8,5
8,10
8,8
8,2
8,3
12,2
12,1
12,3
11,30
11,29
11,28
11,27
11,26
11,25
11,24
11,23
11,22
11,1
11,21
20,2
10,316
20,1
10,315
20,3
10,314
10,313
10,312
10,311
10,310
10,309
10,308
10,307
10,306
10,305
10,304
10,303
10,302
10,301
10,300
10,299
10,298
10,297
19,2
10,296
19,1
10,295
19,3
10,294
10,293
10,292
10,291
10,290
10,289
10,288
10,287
10,286
10,285
10,284
10,283
10,282
10,281
10,280
10,279
10,278
10,277
10,276
10,275
10,274
10,273
10,272
10,271
10,270
10,269
10,268
10,267
